3.300090976425620326e-01 -2.689355738631018955e+00
3.738706378754672599e-01 -2.700266150030450341e+00
4.177321781083733754e-01 -2.709630113257714967e+00
4.615937183412786027e-01 -2.717098873366505796e+00
5.054552585741838300e-01 -2.722303532309723106e+00
5.493167988070899455e-01 -2.724853850627352969e+00
5.931783390399951728e-01 -2.724331153996986110e+00
6.370398792729012882e-01 -2.720274364122087007e+00
6.809014195058065155e-01 -2.712158488659401456e+00
7.247629597387117428e-01 -2.699364853347898663e+00
7.530618971349912760e-01 -2.687794197057306267e+00
7.686244999716178583e-01 -2.681074522350159306e+00
8.124860402045230856e-01 -2.656273040719173473e+00
8.332550069320849850e-01 -2.641497766579381512e+00
8.563475804374292011e-01 -2.623481527357074405e+00
8.864560327168271581e-01 -2.595201336101457201e+00
9.002091206703344284e-01 -2.580710899037344408e+00
9.265739817337701467e-01 -2.548904905623532446e+00
9.440706609032396557e-01 -2.524884222573951398e+00
9.588790579639308032e-01 -2.502608475145607692e+00
9.859574337944281286e-01 -2.456312044667683381e+00
9.879322011361457712e-01 -2.452581806299965805e+00
1.009554021933554147e+00 -2.410015614189758626e+00
1.030933945073739144e+00 -2.363719183711833871e+00
1.031793741369050998e+00 -2.361778388490473723e+00
1.051485340959638748e+00 -2.317422753233909560e+00
1.071839620594536635e+00 -2.271126322755984805e+00
1.075655281601956226e+00 -2.262784671303632145e+00
1.093710845323075498e+00 -2.224829892278060051e+00
1.117652481225789529e+00 -2.178533461800135740e+00
1.119516821834862341e+00 -2.175313426617357493e+00
1.146207999275350886e+00 -2.132237031322210985e+00
1.163378362067767569e+00 -2.108128123780689034e+00
1.180576541109138233e+00 -2.085940600844286230e+00
1.207239902300673684e+00 -2.056191165028233847e+00
1.223487402525345047e+00 -2.039644170366361919e+00
1.251101442533578911e+00 -2.015170586994059487e+00
1.277876266302491404e+00 -1.993347739888437165e+00
1.294962982766484139e+00 -1.981063095820441156e+00
1.338824522999390254e+00 -1.951471844823929658e+00
1.345770411731084248e+00 -1.947051309410512410e+00
1.382686063232295481e+00 -1.925738597592886903e+00
1.426278549133542350e+00 -1.900754878932588099e+00
1.426547603465201597e+00 -1.900612685953747105e+00
1.470409143698106824e+00 -1.877797367393688521e+00
1.513101473768585947e+00 -1.854458448454663344e+00
1.514270683931012051e+00 -1.853856409606577493e+00
1.558132224163918167e+00 -1.830900558810136580e+00
1.598121097834974691e+00 -1.808162017976738589e+00
1.601993764396823394e+00 -1.806059254750037590e+00
1.645855304629729510e+00 -1.781282136119114679e+00
1.677305489274939276e+00 -1.761865587498814278e+00
1.689716844862634737e+00 -1.754477931528259482e+00
1.733578385095539964e+00 -1.726630526386437658e+00
1.749759646736599450e+00 -1.715569157020889524e+00
1.777439925328446080e+00 -1.697108606912485440e+00
1.815585010077255923e+00 -1.669272726542964769e+00
1.821301465561351307e+00 -1.665137543199463499e+00
1.865163005794257423e+00 -1.631190056961284718e+00
1.874999580253656317e+00 -1.622976296065040458e+00
1.909024546027162650e+00 -1.594108372846728905e+00
1.927990194484247466e+00 -1.576679865587115703e+00
1.952886086260067877e+00 -1.552859323034879946e+00
1.974778226276199700e+00 -1.530383435109190948e+00
1.996747626492973993e+00 -1.506297097448686007e+00
2.015873309936297098e+00 -1.484087004631266637e+00
2.040609166725879220e+00 -1.452666533196115051e+00
2.051845742218258550e+00 -1.437790574153341883e+00
2.083263025029522986e+00 -1.391494143675417128e+00
2.084470706958784447e+00 -1.389530828596505341e+00
2.111364590419492870e+00 -1.345197713197492817e+00
2.128332247191690563e+00 -1.313265481507504440e+00
2.135999038327603738e+00 -1.298901282719568062e+00
2.158326415985584390e+00 -1.252604852241643307e+00
2.172193787424595790e+00 -1.220482704174389532e+00
2.178484532765102344e+00 -1.206308421763718997e+00
2.197547737329805351e+00 -1.160011991285794242e+00
2.215168494003927346e+00 -1.113715560807869487e+00
2.216055327657501905e+00 -1.111317676233644969e+00
2.233026013803336873e+00 -1.067419130329945176e+00
2.250327713275303232e+00 -1.021122699852019977e+00
2.259916867890407133e+00 -9.952625313635192761e-01
2.267878974655135327e+00 -9.748262693740956664e-01
2.285919290549570881e+00 -9.285298388961713556e-01
2.303723573074033748e+00 -8.822334084182461567e-01
2.303778408123312360e+00 -8.820913978325271021e-01
2.322552657438862411e+00 -8.359369779403218459e-01
2.340743078054555504e+00 -7.896405474623975351e-01
2.347639948356218476e+00 -7.714128505213565523e-01
2.358940864647107727e+00 -7.433441169844723362e-01
2.376457007652588160e+00 -6.970476865065480254e-01
2.391501488589123703e+00 -6.534635565456041739e-01
2.392514692522150099e+00 -6.507512560286237147e-01
2.408129816328915318e+00 -6.044548255506985157e-01
2.421662126633702172e+00 -5.581583950727742049e-01
2.432995500786510501e+00 -5.118619645948498942e-01
2.435363028822029818e+00 -4.997317445823284965e-01
2.442875421037999928e+00 -4.655655341169246952e-01
2.450594867126370424e+00 -4.192691036390003845e-01
2.455937124680181327e+00 -3.729726731610760737e-01
2.459014610591290229e+00 -3.266762426831508748e-01
2.459999979221622723e+00 -2.803798122052265640e-01
2.459128021753555160e+00 -2.340833817273022532e-01
2.456693609481410689e+00 -1.877869512493770543e-01
2.453043890713225039e+00 -1.414905207714527435e-01
2.448564091280022836e+00 -9.519409029352841889e-02
2.443657569949143404e+00 -4.889765981560323382e-02
2.438721576108976219e+00 -2.601229337678923059e-03
2.435363028822029818e+00 3.109793520710359485e-02
2.434335707847171459e+00 4.369520114024538771e-02
2.431067449036016903e+00 8.999163161817058665e-02
2.428502121616535447e+00 1.362880620960948974e-01
2.426710807857476393e+00 1.825844925740192082e-01
2.425665409418574558e+00 2.288809230519444071e-01
2.425233276411711714e+00 2.751773535298687179e-01
2.425181853255725439e+00 3.214737840077930286e-01
2.425193459590732736e+00 3.677702144857182276e-01
2.424887353551446800e+00 4.140666449636425384e-01
2.423844479506372274e+00 4.603630754415668491e-01
2.421630415741733433e+00 5.066595059194920481e-01
2.417813666263704420e+00 5.529559363974163588e-01
2.411978726784269167e+00 5.992523668753406696e-01
2.403735510673840281e+00 6.455487973532658685e-01
2.392728340884291427e+00 6.918452278311901793e-01
2.391501488589123703e+00 6.959779038233325776e-01
2.380392925420536709e+00 7.381416583091144901e-01
2.365379574599089096e+00 7.844380887870396890e-01
2.347639948356218476e+00 8.302296251410040684e-01
2.347460945934444876e+00 8.307345192649639998e-01
2.329228674996445481e+00 8.770309497428883105e-01
2.308776046919250646e+00 9.233273802208135095e-01
2.303778408123312360e+00 9.341741032296629887e-01
2.288528689004146077e+00 9.696238106987378202e-01
2.267932463083702110e+00 1.015920241176662131e+00
2.259916867890407133e+00 1.034337992387981631e+00
2.248496194603460285e+00 1.062216671654587330e+00
2.230452046584790349e+00 1.108513102132511641e+00
2.216055327657501905e+00 1.148235284654093302e+00
2.213793058949759640e+00 1.154809532610435951e+00
2.199969446606439227e+00 1.201105963088361150e+00
2.187762974168923513e+00 1.247402393566285461e+00
2.177134838488414381e+00 1.293698824044209772e+00
2.172193787424595790e+00 1.318862532265355547e+00
2.168129855149429019e+00 1.339995254522134971e+00
2.160140102553925079e+00 1.386291685000059282e+00
2.152090408681952560e+00 1.432588115477983592e+00
2.143091932056914395e+00 1.478884545955908791e+00
2.132049523109399658e+00 1.525180976433833102e+00
2.128332247191690563e+00 1.537945246993767334e+00
2.117820486405018521e+00 1.571477406911757413e+00
2.098478563813471531e+00 1.617773837389682612e+00
2.084470706958784447e+00 1.643496743843184671e+00
2.071608856151185396e+00 1.664070267867606923e+00
2.040609166725879220e+00 1.703129190671146542e+00
2.033694834313982458e+00 1.710366698345531233e+00
1.996747626492973993e+00 1.743257598920944229e+00
1.977721117587722954e+00 1.756663128823456432e+00
1.952886086260067877e+00 1.772571892840356211e+00
1.909024546027162650e+00 1.794476088717279261e+00
1.886622808741077240e+00 1.802959559301380743e+00
1.865163005794257423e+00 1.810996390554014068e+00
1.821301465561351307e+00 1.823309011617681996e+00
1.777439925328446080e+00 1.831755617680939086e+00
1.733578385095539964e+00 1.836986889495104691e+00
1.689716844862634737e+00 1.839624011195478692e+00
1.645855304629729510e+00 1.840296349574219281e+00
1.601993764396823394e+00 1.839653408904108556e+00
1.558132224163918167e+00 1.838354605845002210e+00
1.514270683931012051e+00 1.837042544381673803e+00
1.470409143698106824e+00 1.836307779083129477e+00
1.426547603465201597e+00 1.836654088613317137e+00
1.382686063232295481e+00 1.838472279571528478e+00
1.338824522999390254e+00 1.842027709587234607e+00
1.294962982766484139e+00 1.847463022386741649e+00
1.284444916411333626e+00 1.849255989779305054e+00
1.251101442533578911e+00 1.855748183432480714e+00
1.207239902300673684e+00 1.866471984557337871e+00
1.163378362067767569e+00 1.879197631821080350e+00
1.119516821834862341e+00 1.893781151306179744e+00
1.114810743201503751e+00 1.895552420257230253e+00
1.075655281601956226e+00 1.912415107674365178e+00
1.031793741369050998e+00 1.933186519472353204e+00
1.015041600828740176e+00 1.941848850735154564e+00
9.879322011361457712e-01 1.957979675006225495e+00
9.440706609032396557e-01 1.986265226154872998e+00
9.413571282603990786e-01 1.988145281213078874e+00
9.002091206703344284e-01 2.021144111128245768e+00
8.846479037917707178e-01 2.034441711691004073e+00
8.563475804374292011e-01 2.062274933154377266e+00
8.384551109453082240e-01 2.080738142168928384e+00
8.124860402045230856e-01 2.111026450899072149e+00
7.990787342191482123e-01 2.127034572646852695e+00
7.686244999716178583e-01 2.166795264350770633e+00
7.635704816333070966e-01 2.173331003124777894e+00
7.294172137274110845e-01 2.219627433602702204e+00
7.247629597387117428e-01 2.226024578352776118e+00
6.939704443089785846e-01 2.265923864080626515e+00
6.809014195058065155e-01 2.282458881965962139e+00
6.547620785295724666e-01 2.312220294558551714e+00
6.370398792729012882e-01 2.331562465125806227e+00
6.081175328448378270e-01 2.358516725036476025e+00
5.931783390399951728e-01 2.371866876172050276e+00
5.493167988070899455e-01 2.403390394648596384e+00
5.466549986790729676e-01 2.404813155514400336e+00
5.054552585741838300e-01 2.426514109031009170e+00
4.615937183412786027e-01 2.441530864205685436e+00
4.177321781083733754e-01 2.448564178180694384e+00
3.738706378754672599e-01 2.448038445087657777e+00
3.300090976425620326e-01 2.440806884104213204e+00
2.861475574096559171e-01 2.428209540846438586e+00
2.422860171767507176e-01 2.412020091957928880e+00
2.248104623940669899e-01 2.404813155514400336e+00
1.984244769438454625e-01 2.395581967802386636e+00
1.545629367109393471e-01 2.380751613544972223e+00
1.107013964780341198e-01 2.368046670646233753e+00
6.762050302145494740e-02 2.358516725036476025e+00
6.683985624512889245e-02 2.358375767131314138e+00
2.297831601222277698e-02 2.353026734755132132e+00
-2.088322422068245032e-02 2.350756830229887573e+00
-6.474476445358856580e-02 2.351426383723409064e+00
-1.086063046864937931e-01 2.354775677679588952e+00
-1.370397766894108915e-01 2.358516725036476025e+00
-1.524678449193994645e-01 2.360769241625187753e+00
-1.963293851523051359e-01 2.369558654317775126e+00
-2.401909253852103632e-01 2.380088066927076085e+00
-2.840524656181160346e-01 2.391891281960283777e+00
-3.279140058510217060e-01 2.404517048010315960e+00
-3.288959278490256599e-01 2.404813155514400336e+00
-3.717755460839273773e-01 2.419214460651329723e+00
-4.156370863168330487e-01 2.433787576809573139e+00
-4.594986265497382760e-01 2.447789305534090243e+00
-4.705646279199114379e-01 2.451109585992325535e+00
-5.033601667826439474e-01 2.461969365078961136e+00
-5.472217070155496188e-01 2.475028764176313789e+00
-5.910832472484552902e-01 2.486327162916317501e+00
-6.349447874813609616e-01 2.495677506742449481e+00
-6.453802674370712200e-01 2.497406016470249845e+00
-6.788063277142661889e-01 2.503417992784745749e+00
-7.226678679471718603e-01 2.508896330266309871e+00
-7.665294081800775317e-01 2.511912858043928942e+00
-8.103909484129832030e-01 2.512425716533103426e+00
-8.542524886458884303e-01 2.510373955913747679e+00
-8.981140288787941017e-01 2.505655286512793012e+00
-9.419755691116997731e-01 2.498103987426457007e+00
-9.449224479927633702e-01 2.497406016470249845e+00
-9.858371093446054445e-01 2.488048868621254517e+00
-1.029698649577511116e+00 2.474729242017242647e+00
-1.073560189810416343e+00 2.457628095991474027e+00
-1.087310822372975272e+00 2.451109585992325535e+00
-1.117421730043322015e+00 2.436954521104538252e+00
-1.161283270276227686e+00 2.411638460797374872e+00
-1.171382614755222651e+00 2.404813155514400336e+00
-1.205144810509133357e+00 2.381653988525243015e+00
-1.233797930069392645e+00 2.358516725036476025e+00
-1.249006350742038585e+00 2.345877788336309777e+00
-1.284468455676903709e+00 2.312220294558551714e+00
-1.292867890974944256e+00 2.303894875738079939e+00
-1.327502422232438084e+00 2.265923864080626515e+00
-1.336729431207849927e+00 2.255219335067359943e+00
-1.365409191954226387e+00 2.219627433602702204e+00
-1.380590971440755599e+00 2.199519625960116187e+00
-1.399719737989517210e+00 2.173331003124777894e+00
-1.424452511673661270e+00 2.137199709358709843e+00
-1.431419819100345991e+00 2.127034572646852695e+00
-1.461999247278357617e+00 2.080738142168928384e+00
-1.468314051906566498e+00 2.070940242323907388e+00
-1.492928724700802290e+00 2.034441711691004073e+00
-1.512175592139472169e+00 2.005764626702747133e+00
-1.524955845951618150e+00 1.988145281213078874e+00
-1.556037132372377840e+00 1.946906391842900597e+00
-1.560273838698104987e+00 1.941848850735154564e+00
-1.599898672605283512e+00 1.898151532946270592e+00
-1.602572089065598782e+00 1.895552420257230253e+00
-1.643760212838188739e+00 1.859629577962077507e+00
-1.657352424631844956e+00 1.849255989779305054e+00
-1.687621753071094410e+00 1.828814774246007469e+00
-1.730852849048962527e+00 1.802959559301380743e+00
-1.731483293304000082e+00 1.802625795289573452e+00
-1.775344833536905753e+00 1.781559570912458090e+00
-1.819206373769811425e+00 1.761389211416616085e+00
-1.829594925745940737e+00 1.756663128823456432e+00
-1.863067914002716652e+00 1.742919831490647553e+00
-1.906929454235622101e+00 1.724118951969816571e+00
-1.936841336018082504e+00 1.710366698345531233e+00
-1.950790994468527995e+00 1.704420844005001268e+00
-1.994652534701433444e+00 1.684203242358347730e+00
-2.033687943674145959e+00 1.664070267867606923e+00
-2.038514074934338893e+00 1.661693280430512010e+00
-2.082375615167244565e+00 1.638347384933871886e+00
-2.116732136222045924e+00 1.617773837389682612e+00
-2.126237155400150236e+00 1.612169828507127312e+00
-2.170098695633055907e+00 1.584097744317399137e+00
-2.188092948440502283e+00 1.571477406911757413e+00
-2.213960235865961579e+00 1.553033149784947664e+00
-2.249311414688363264e+00 1.525180976433833102e+00
-2.257821776098866806e+00 1.518199952299220890e+00
-2.301683316331772478e+00 1.478902566959980236e+00
-2.301702288714071898e+00 1.478884545955908791e+00
-2.345544856564678149e+00 1.433707987352687230e+00
-2.346558849948002123e+00 1.432588115477983592e+00
-2.384562909687402144e+00 1.386291685000059282e+00
-2.389406396797583820e+00 1.379540166195305506e+00
-2.416484169509886204e+00 1.339995254522134971e+00
-2.433267937030489492e+00 1.310457829355980097e+00
-2.442515699161641685e+00 1.293698824044209772e+00
-2.463841929075969883e+00 1.247402393566285461e+00
-2.477129477263394719e+00 1.210468688806292992e+00
-2.480505296926464265e+00 1.201105963088361150e+00
-2.494015849200492241e+00 1.154809532610435951e+00
-2.503956015803137092e+00 1.108513102132511641e+00
-2.511014459676757404e+00 1.062216671654587330e+00
-2.515773066024776572e+00 1.015920241176662131e+00
-2.518746247117938264e+00 9.696238106987378202e-01
-2.520417136914435918e+00 9.233273802208135095e-01
-2.520991017496300390e+00 8.921960847619008206e-01
-2.521300087934521983e+00 8.770309497428883105e-01
-2.521911481964493884e+00 8.307345192649638888e-01
-2.522823788777080356e+00 7.844380887870396890e-01
-2.524736058955525664e+00 7.381416583091144901e-01
-2.528395188132716243e+00 6.918452278311901793e-01
-2.534536741521878689e+00 6.455487973532658685e-01
-2.543776371350980448e+00 5.992523668753406696e-01
-2.556456593879944172e+00 5.529559363974163588e-01
-2.564852557729206062e+00 5.282560210769591258e-01
-2.573132141004650819e+00 5.066595059194920481e-01
-2.593316545514514182e+00 4.603630754415668491e-01
-2.608714097962111289e+00 4.272306814092479144e-01
-2.615436220029779157e+00 4.140666449636424828e-01
-2.638391454630578004e+00 3.677702144857182276e-01
-2.652575638195017405e+00 3.361045711255997159e-01
-2.659565861721519653e+00 3.214737840077930286e-01
-2.677601754038891002e+00 2.751773535298687179e-01
-2.690473693001670163e+00 2.288809230519444071e-01
-2.696437178427922632e+00 1.895310197306239730e-01
-2.697541769071551521e+00 1.825844925740192082e-01
-2.698446288072914534e+00 1.362880620960948974e-01
-2.696437178427922632e+00 1.194533614298235735e-01
-2.693079887083238866e+00 8.999163161817058665e-02
-2.682023108759790553e+00 4.369520114024538771e-02
-2.665765280549180716e+00 -2.601229337678923059e-03
-2.652575638195017405e+00 -3.226277268011126104e-02
-2.645765000828656621e+00 -4.889765981560323382e-02
-2.623976134726368148e+00 -9.519409029352843277e-02
-2.608714097962111289e+00 -1.250491646359205566e-01
-2.601173844230263210e+00 -1.414905207714527435e-01
-2.579158511163711864e+00 -1.877869512493770543e-01
-2.564852557729206062e+00 -2.176247692433279923e-01
-2.557807769633316131e+00 -2.340833817273022532e-01
-2.538165124026903641e+00 -2.803798122052265640e-01
-2.520991017496299946e+00 -3.213150397437550265e-01
-2.518953985222006420e+00 -3.266762426831508748e-01
-2.501583649103968909e+00 -3.729726731610760737e-01
-2.483943231134702501e+00 -4.192691036390003845e-01
-2.477129477263394719e+00 -4.368291721710328979e-01
-2.466700016798863970e+00 -4.655655341169246952e-01
-2.448967791558494422e+00 -5.118619645948498942e-01
-2.433267937030489492e+00 -5.496905141289631924e-01
-2.429897442532262364e+00 -5.581583950727742049e-01
-2.410045453345179389e+00 -6.044548255506985157e-01
-2.389406396797583820e+00 -6.472311204924803274e-01
-2.387743731818830817e+00 -6.507512560286237147e-01
-2.364070900088150573e+00 -6.970476865065480254e-01
-2.345544856564678149e+00 -7.294622073782592864e-01
-2.337664582158224036e+00 -7.433441169844723362e-01
-2.309101644058614067e+00 -7.896405474623975351e-01
-2.301683316331772478e+00 -8.008867027102397618e-01
-2.278540676282867938e+00 -8.359369779403218459e-01
-2.257821776098866806e+00 -8.652478068030498015e-01
-2.245819865396978088e+00 -8.822334084182461567e-01
-2.213960235865961579e+00 -9.251675809270889506e-01
-2.211482282228985685e+00 -9.285298388961713556e-01
-2.176833683771900674e+00 -9.748262693740956664e-01
-2.170098695633055907e+00 -9.837408081099027202e-01
-2.142502041859393636e+00 -1.021122699852019977e+00
-2.126237155400150236e+00 -1.043269032911317451e+00
-2.109200310066814410e+00 -1.067419130329945176e+00
-2.082375615167244565e+00 -1.106461470488031562e+00
-2.077666962237616932e+00 -1.113715560807869487e+00
-2.049565787718995669e+00 -1.160011991285794242e+00
-2.038514074934338893e+00 -1.179568941951127714e+00
-2.024545212908718916e+00 -1.206308421763718997e+00
-2.002518206839350334e+00 -1.252604852241643307e+00
-1.994652534701433666e+00 -1.271116465959733821e+00
-1.983827155351860050e+00 -1.298901282719568062e+00
-1.967765264749174570e+00 -1.345197713197492817e+00
-1.953180765510718286e+00 -1.391494143675417128e+00
-1.950790994468527995e+00 -1.399788482542166923e+00
-1.940612016484462243e+00 -1.437790574153341883e+00
-1.928458766142932879e+00 -1.484087004631266637e+00
-1.915728876056791652e+00 -1.530383435109190948e+00
-1.906929454235622323e+00 -1.559502067834894978e+00
-1.901888677666204508e+00 -1.576679865587115703e+00
-1.886234524198852291e+00 -1.622976296065040458e+00
-1.867088263774559387e+00 -1.669272726542964769e+00
-1.863067914002716874e+00 -1.677496232087493322e+00
-1.843919686067863051e+00 -1.715569157020889524e+00
-1.819206373769811425e+00 -1.755338702776674920e+00
-1.814891612149124756e+00 -1.761865587498814278e+00
-1.778574938944290640e+00 -1.808162017976738589e+00
-1.775344833536905753e+00 -1.811728824365873791e+00
-1.732557242530455177e+00 -1.854458448454663344e+00
-1.731483293304000082e+00 -1.855414727662516139e+00
-1.687621753071094410e+00 -1.890810671759568962e+00
-1.673601906922724813e+00 -1.900754878932588099e+00
-1.643760212838188739e+00 -1.920658101129678164e+00
-1.599898672605283512e+00 -1.946278522787165954e+00
-1.598447517716685473e+00 -1.947051309410512410e+00
-1.556037132372377840e+00 -1.969320974837050819e+00
-1.512175592139472169e+00 -1.990017848180390292e+00
-1.504679343797499236e+00 -1.993347739888437165e+00
-1.468314051906566498e+00 -2.009900731516978123e+00
-1.424452511673661270e+00 -2.028897379078529184e+00
-1.399114093793727864e+00 -2.039644170366361919e+00
-1.380590971440755599e+00 -2.047916475248182877e+00
-1.336729431207849927e+00 -2.067531758987529944e+00
-1.295897080526275502e+00 -2.085940600844286230e+00
-1.292867890974944256e+00 -2.087401047090364781e+00
-1.249006350742038585e+00 -2.109072188626598177e+00
-1.205144810509133357e+00 -2.130933592885868588e+00
-1.202591224719978591e+00 -2.132237031322210985e+00
-1.161283270276227686e+00 -2.154781456892624014e+00
-1.117421730043322015e+00 -2.178359307201361617e+00
-1.117098341786078919e+00 -2.178533461800135740e+00
-1.073560189810416343e+00 -2.203729599984315612e+00
-1.035298050610145015e+00 -2.224829892278060051e+00
-1.029698649577511116e+00 -2.228204404308935072e+00
-9.858371093446054445e-01 -2.253659431500575572e+00
-9.533125659996566359e-01 -2.271126322755984805e+00
-9.419755691116997731e-01 -2.277907443369237672e+00
-8.981140288787941017e-01 -2.302320464431172553e+00
-8.679705545144270618e-01 -2.317422753233909560e+00
-8.542524886458884303e-01 -2.325280024271955792e+00
-8.103909484129832030e-01 -2.347954759077874876e+00
-7.754182036274794854e-01 -2.363719183711833871e+00
-7.665294081800775317e-01 -2.368420763303344945e+00
-7.226678679471718603e-01 -2.388854018702743609e+00
-6.788063277142661889e-01 -2.406087368843409457e+00
-6.671388228049801583e-01 -2.410015614189758626e+00
-6.349447874813609616e-01 -2.422888245998373602e+00
-5.910832472484552902e-01 -2.437513836163696546e+00
-5.472217070155496188e-01 -2.449643281950557139e+00
-5.189572831407913700e-01 -2.456312044667683381e+00
-5.033601667826439474e-01 -2.460563718543436362e+00
-4.594986265497382760e-01 -2.471055233549407149e+00
-4.156370863168330487e-01 -2.480470016082100937e+00
-3.717755460839273773e-01 -2.489421745251333640e+00
-3.279140058510217060e-01 -2.498410971984854179e+00
-3.087334091691781857e-01 -2.502608475145607692e+00
-2.840524656181160346e-01 -2.508272286892964331e+00
-2.401909253852103632e-01 -2.519009076015047199e+00
-1.963293851523051359e-01 -2.530310926416007966e+00
-1.524678449193994645e-01 -2.542205654930986825e+00
-1.293765277068238406e-01 -2.548904905623532446e+00
-1.086063046864937931e-01 -2.554820196338981386e+00
-6.474476445358856580e-02 -2.568007875395916795e+00
-2.088322422068245032e-02 -2.581483328474085681e+00
2.297831601222277698e-02 -2.595201336101457201e+00
2.297831601222277698e-02 -2.595201336101457201e+00
6.683985624512889245e-02 -2.609160965844027125e+00
1.107013964780341198e-01 -2.623160972765229637e+00
1.545629367109393471e-01 -2.637130539173328625e+00
1.681265672800782429e-01 -2.641497766579381512e+00
1.984244769438454625e-01 -2.650967086394702132e+00
2.422860171767506898e-01 -2.664435430722743803e+00
2.861475574096559171e-01 -2.677313693738468281e+00
3.242347543190540193e-01 -2.687794197057306711e+00
3.300090976425620326e-01 -2.689355738631018955e+00
